month_id,country_id,sc_cm_sb_cflong_calibrated
486,40,5.38377687756605e-19
486,41,0.00019134855725814697
486,42,0.016733756882638964
486,43,1.0438435616606766e-06
486,47,0.8045332535256855
486,48,0.00046989035055535345
486,49,5.38377687756605e-19
486,50,0.7965654417733352
486,52,0.0004145451317357764
486,53,5.38377687756605e-19
486,54,0.0001997598043414119
486,55,1.0965528374393327e-05
486,56,3.070226355149851e-06
486,57,0.08556346691919328
486,67,0.002660611181191693
486,69,0.7741739109168005
486,70,0.029747679204807972
486,73,0.000662723554967112
486,74,0.00692820794734832
486,76,5.38377687756605e-19
486,78,0.7246421853540882
486,79,0.9945936984157608
486,80,5.38377687756605e-19
486,81,0.0006701845752487837
486,120,0.9971909867632726
486,154,5.38377687756605e-19
486,155,0.020630567326662005
486,156,0.002733543754727879
486,157,5.448498167348681e-08
486,158,0.0010098548405739216
486,159,6.910683956611212e-06
486,160,0.00023051640186342795
486,161,0.03076322106790266
486,162,0.7900429119344506
486,163,0.01965577581572843
486,164,4.3333774081761845e-05
486,165,0.00160198445701403
486,166,0.0006852248334645319
486,167,0.9389849267548744
486,169,5.38377687756605e-19
486,170,7.184295260380005e-05
486,172,1.4586395787695562e-06
486,173,5.38377687756605e-19
486,174,5.38377687756605e-19
486,213,0.6623291503827359
486,214,0.6818375685378203
486,222,0.4802746618224343
486,235,0.008790055790916256
486,237,0.04147143944197938
486,242,0.004774273405862784
486,243,5.448498167348681e-08
486,244,0.0004026881316252556
486,245,0.04719970142481615
486,246,0.029050812621308392
487,40,3.303002605589893e-18
487,41,0.0003164238680300733
487,42,0.013096646092397411
487,43,1.3114357198674218e-06
487,47,0.7598768468002872
487,48,0.0007768350666213207
487,49,3.303002605589893e-18
487,50,0.7430362824259158
487,52,0.0006284548428233533
487,53,3.303002605589893e-18
487,54,0.0006584915451606477
487,55,0.00016015024072419163
487,56,8.434472122662736e-06
487,57,0.0826809632554272
487,67,0.0034546113156242197
487,69,0.7883047536455434
487,70,0.03890499103230276
487,73,0.0015321473525162581
487,74,0.00840359971760947
487,76,3.303002605589893e-18
487,78,0.7005955535455283
487,79,0.9926062429478137
487,80,3.303002605589893e-18
487,81,0.0008604843623859972
487,120,0.9971849215978912
487,154,2.380807069933929e-07
487,155,0.034645001241332025
487,156,0.003072844839633865
487,157,1.6193561413985556e-06
487,158,0.0016743633112638366
487,159,7.308819839563159e-06
487,160,0.002079062290625999
487,161,0.03694145679258161
487,162,0.7497402846474126
487,163,0.03128772752005088
487,164,0.0002461727399263997
487,165,0.0017829660733808877
487,166,0.0008146380366584668
487,167,0.939763166676083
487,169,3.303002605589893e-18
487,170,0.00011708894411891047
487,172,1.209344735891629e-06
487,173,3.303002605589893e-18
487,174,3.303002605589893e-18
487,213,0.6387888062997861
487,214,0.6099577032135876
487,222,0.5557929998695454
487,235,0.0118160296445815
487,237,0.05806321082162454
487,242,0.010124157629365624
487,243,8.167564298738268e-07
487,244,0.0004001348414803588
487,245,0.04870113109135735
487,246,0.04396237938044207
488,40,6.067627523423181e-18
488,41,0.00044149917880199966
488,42,0.009459535302155857
488,43,1.5790278780741668e-06
488,47,0.7152204400748888
488,48,0.001083779782687288
488,49,6.067627523423181e-18
488,50,0.6895071230784963
488,52,0.0008423645539109301
488,53,6.067627523423181e-18
488,54,0.0011172232859798835
488,55,0.00030933495307398993
488,56,1.379871789017562e-05
488,57,0.07979845959166114
488,67,0.0042486114500567464
488,69,0.8024355963742864
488,70,0.04806230285979754
488,73,0.002401571150065404
488,74,0.009878991487870619
488,76,6.067627523423181e-18
488,78,0.6765489217369683
488,79,0.9906187874798665
488,80,6.067627523423181e-18
488,81,0.0010507841495232106
488,120,0.9971788564325098
488,154,4.7616141398624746e-07
488,155,0.048659435156002045
488,156,0.003412145924539851
488,157,3.1842273011236242e-06
488,158,0.002338871781953752
488,159,7.706955722515105e-06
488,160,0.00392760817938857
488,161,0.043119692517260555
488,162,0.7094376573603746
488,163,0.04291967922437332
488,164,0.00044901170577103756
488,165,0.0019639476897477456
488,166,0.0009440512398524015
488,167,0.9405414065972915
488,169,6.067627523423181e-18
488,170,0.0001623349356340209
488,172,9.600498930137018e-07
488,173,6.067627523423181e-18
488,174,6.067627523423181e-18
488,213,0.6152484622168363
488,214,0.5380778378893548
488,222,0.6313113379166567
488,235,0.014842003498246744
488,237,0.0746549822012697
488,242,0.015474041852868462
488,243,1.5790278780741668e-06
488,244,0.000397581551335462
488,245,0.05020256075789855
488,246,0.05887394613957575
489,40,8.470071300627353e-18
489,41,0.000467899612342184
489,42,0.015132732509037551
489,43,2.135966676691654e-05
489,47,0.7137082856432055
489,48,0.0010825107227658303
489,49,8.470071300627353e-18
489,50,0.6977270548512987
489,52,0.0009215672369149252
489,53,8.470071300627353e-18
489,54,0.003062822125051624
489,55,0.0004421577563783755
489,56,8.535388572837978e-05
489,57,0.09267461268431623
489,67,0.0061176651059017826
489,69,0.8158017095368738
489,70,0.056397022316007274
489,73,0.00326608783947578
489,74,0.017785539419206867
489,76,6.679035475329125e-08
489,78,0.6704051212626663
489,79,0.9894188875098677
489,80,8.470071300627353e-18
489,81,0.0012578893176167288
489,120,0.9963811289315401
489,154,2.1322220614303444e-06
489,155,0.04479968405285703
489,156,0.003932065294491471
489,157,1.6841102475916137e-05
489,158,0.002735044896765514
489,159,0.0001124235702923224
489,160,0.003888746992997706
489,161,0.04596852092195058
489,162,0.7008091583640449
489,163,0.04764258041439883
489,164,0.0003021216769604991
489,165,0.0023057558385178017
489,166,0.001296448723159937
489,167,0.9165417543415871
489,169,2.1650652758056782e-07
489,170,0.00024302750088688616
489,172,5.374724656858902e-05
489,173,8.470071300627353e-18
489,174,8.470071300627353e-18
489,213,0.5651731547254704
489,214,0.5091237952550053
489,222,0.5880986917489257
489,235,0.01940593845829519
489,237,0.07899993063384297
489,242,0.025057134879012864
489,243,7.673677077154515e-06
489,244,0.0004504457582789432
489,245,0.058073830148840495
489,246,0.0705770046394435
490,40,1.0872515077831527e-17
490,41,0.0004943000458823683
490,42,0.020805929715919245
490,43,4.114030565575891e-05
490,47,0.7121961312115223
490,48,0.0010812416628443729
490,49,1.0872515077831527e-17
490,50,0.7059469866241013
490,52,0.0010007699199189202
490,53,1.0872515077831527e-17
490,54,0.005008420964123366
490,55,0.000574980559682761
490,56,0.00015690905356658395
490,57,0.10555076577697134
490,67,0.007986718761746819
490,69,0.8291678226994611
490,70,0.06473174177221701
490,73,0.004130604528886156
490,74,0.025692087350543118
490,76,1.3358070950051485e-07
490,78,0.6642613207883643
490,79,0.9882189875398689
490,80,1.0872515077831527e-17
490,81,0.0014649944857102473
490,120,0.9955834014305704
490,154,3.788282708874441e-06
490,155,0.040939932949712016
490,156,0.004451984664443091
490,157,3.049797765070865e-05
490,158,0.0031312180115772767
490,159,0.0002171401848621297
490,160,0.0038498858066068425
490,161,0.0488173493266406
490,162,0.6921806593677153
490,163,0.05236548160442435
490,164,0.00015523164814996055
490,165,0.0026475639872878573
490,166,0.0016488462064674727
490,167,0.8925421020858828
490,169,4.33013055155068e-07
490,170,0.00032372006613975144
490,172,0.00010653444324416433
490,173,1.0872515077831527e-17
490,174,1.0872515077831527e-17
490,213,0.5150978472341045
490,214,0.48016975262065575
490,222,0.5448860455811947
490,235,0.02396987341834364
490,237,0.08334487906641626
490,242,0.034640227905157264
490,243,1.3768326276234864e-05
490,244,0.0005033099652224244
490,245,0.06594509953978245
490,246,0.08228006313931123
491,40,1.3274958855035699e-17
491,41,0.0005207004794225526
491,42,0.02647912692280094
491,43,6.0920944544601285e-05
491,47,0.710683976779839
491,48,0.0010799726029229152
491,49,1.3274958855035699e-17
491,50,0.7141669183969037
491,52,0.0010799726029229152
491,53,1.3274958855035699e-17
491,54,0.006954019803195106
491,55,0.0007078033629871465
491,56,0.0002284642214047881
491,57,0.11842691886962643
491,67,0.009855772417591854
491,69,0.8425339358620485
491,70,0.07306646122842675
491,73,0.004995121218296532
491,74,0.03359863528187937
491,76,2.0037106424773846e-07
491,78,0.6581175203140622
491,79,0.9870190875698701
491,80,1.3274958855035699e-17
491,81,0.0016720996538037655
491,120,0.9947856739296007
491,154,5.444343356318538e-06
491,155,0.037080181846567
491,156,0.004971904034394711
491,157,4.415485282550116e-05
491,158,0.003527391126389039
491,159,0.00032185679943193697
491,160,0.0038110246202159785
491,161,0.05166617773133062
491,162,0.6835521603713857
491,163,0.05708838279444986
491,164,8.341619339422089e-06
491,165,0.0029893721360579133
491,166,0.002001243689775008
491,167,0.8685424498301785
491,169,6.495195827295682e-07
491,170,0.0004044126313926167
491,172,0.00015932163991973965
491,173,1.3274958855035699e-17
491,174,1.3274958855035699e-17
491,213,0.4650225397427385
491,214,0.4512157099863062
491,222,0.5016733994134637
491,235,0.028533808378392086
491,237,0.08768982749898953
491,242,0.044223320931301664
491,243,1.9862975475315213e-05
491,244,0.0005561741721659055
491,245,0.0738163689307244
491,246,0.09398312163917898
492,40,1.6979851451945874e-17
492,41,0.0007095513143447794
492,42,0.035475132382919876
492,43,8.278080892902021e-05
492,47,0.7330415075754092
492,48,0.0014008456624515818
492,49,1.2052793051492907e-06
492,50,0.7370253935360614
492,52,0.0012644283919462517
492,53,1.2052793051492907e-06
492,54,0.01627750850493536
492,55,0.0006907253938621903
492,56,0.000222646088988809
492,57,0.11511610198368068
492,67,0.011785897953526012
492,69,0.7991071689054797
492,70,0.06359134321704812
492,73,0.009048743147709776
492,74,0.043396624172633465
492,76,1.7673684570015275e-06
492,78,0.6532379087618393
492,79,0.9872290828165357
492,80,1.6979851451945874e-17
492,81,0.002320040389518573
492,120,0.9900996846931719
492,154,4.834841542686132e-06
492,155,0.0568272916129737
492,156,0.007160466867675172
492,157,4.062807348306175e-05
492,158,0.005263646846060593
492,159,0.003536581892886193
492,160,0.007743111611633947
492,161,0.08667471979156677
492,162,0.669258451332818
492,163,0.07412520107527594
492,164,7.67409345520874e-06
492,165,0.004290800789074119
492,166,0.0022523376314606157
492,167,0.8847560009792982
492,169,1.6382923602934866e-06
492,170,0.0019244948475259857
492,172,0.00028400601727129453
492,173,1.6979851451945874e-17
492,174,1.6979851451945874e-17
492,213,0.4762460068118674
492,214,0.43391574624295526
492,222,0.5423429887667883
492,235,0.02536489861189108
492,237,0.09103410289204641
492,242,0.05401786838277148
492,243,4.8904254190492356e-05
492,244,0.0006974389357428445
492,245,0.09843387521572937
492,246,0.08751861508055739
493,40,2.0684744048856047e-17
493,41,0.0008984021492670061
493,42,0.04447113784303881
493,43,0.00010464067331343913
493,47,0.7553990383709794
493,48,0.0017217187219802485
493,49,2.410558610285307e-06
493,50,0.7598838686752191
493,52,0.0014488841809695884
493,53,2.410558610285307e-06
493,54,0.02560099720667561
493,55,0.000673647424737234
493,56,0.0002168279565728299
493,57,0.11180528509773494
493,67,0.01371602348946017
493,69,0.7556804019489108
493,70,0.054116225205669485
493,73,0.01310236507712302
493,74,0.05319461306338756
493,76,3.3343658497553165e-06
493,78,0.6483582972096164
493,79,0.9874390780632011
493,80,2.0684744048856047e-17
493,81,0.0029679811252333807
493,120,0.9854136954567432
493,154,4.225339729053728e-06
493,155,0.0765744013793804
493,156,0.009349029700955632
493,157,3.7101294140622343e-05
493,158,0.0069999025657321474
493,159,0.006751306986340449
493,160,0.011675198603051917
493,161,0.12168326185180292
493,162,0.6549647422942504
493,163,0.09116201935610202
493,164,7.006567570995393e-06
493,165,0.005592229442090326
493,166,0.002503431573146223
493,167,0.9009695521284179
493,169,2.6270651378574047e-06
493,170,0.003444577063659355
493,172,0.00040869039462284945
493,173,2.0684744048856047e-17
493,174,2.0684744048856047e-17
493,213,0.4874694738809964
493,214,0.41661578249960424
493,222,0.583012578120113
493,235,0.022195988845390074
493,237,0.0943783782851033
493,242,0.0638124158342413
493,243,7.79455329056695e-05
493,244,0.0008387036993197836
493,245,0.12305138150073436
493,246,0.0810541085219358
494,40,2.438963664576622e-17
494,41,0.0010872529841892329
494,42,0.053467143303157744
494,43,0.00012650053769785807
494,47,0.7777565691665497
494,48,0.002042591781508915
494,49,3.615837915421323e-06
494,50,0.7827423438143768
494,52,0.0016333399699929249
494,53,3.615837915421323e-06
494,54,0.03492448590841586
494,55,0.0006565694556122777
494,56,0.0002110098241568508
494,57,0.10849446821178918
494,67,0.015646149025394327
494,69,0.7122536349923421
494,70,0.04464110719429086
494,73,0.017155987006536262
494,74,0.06299260195414165
494,76,4.901363242509105e-06
494,78,0.6434786856573934
494,79,0.9876490733098666
494,80,2.438963664576622e-17
494,81,0.0036159218609481884
494,120,0.9807277062203144
494,154,3.615837915421323e-06
494,155,0.09632151114578709
494,156,0.011537592534236092
494,157,3.357451479818293e-05
494,158,0.008736158285403701
494,159,0.009966032079794703
494,160,0.015607285594469887
494,161,0.15669180391203907
494,162,0.6406710332556828
494,163,0.10819883763692811
494,164,6.339041686782045e-06
494,165,0.0068936580951065324
494,166,0.0027545255148318307
494,167,0.9171831032775376
494,169,3.615837915421323e-06
494,170,0.004964659279792724
494,172,0.0005333747719744043
494,173,2.438963664576622e-17
494,174,2.438963664576622e-17
494,213,0.4986929409501253
494,214,0.39931581875625327
494,222,0.6236821674734376
494,235,0.019027079078889068
494,237,0.09772265367816019
494,242,0.0736069632857111
494,243,0.00010698681162084664
494,244,0.0009799684628967226
494,245,0.14766888778573933
494,246,0.07458960196331421
495,40,3.239601930186325e-17
495,41,0.004128022930425269
495,42,0.08306618616201243
495,43,0.0001060392813123681
495,47,0.7315347769152967
495,48,0.002596079518891388
495,49,3.0798044699430388e-06
495,50,0.7415463814748849
495,52,0.004458671421157543
495,53,5.754081133393503e-06
495,54,0.05656839453951894
495,55,0.0007063233257772755
495,56,0.0002533649881394493
495,57,0.11514211955359582
495,67,0.023554001871184345
495,69,0.6983443055282837
495,70,0.05279264122922064
495,73,0.028344401489591116
495,74,0.06257136918157853
495,76,1.4787660419137325e-05
495,78,0.6296070053095626
495,79,0.9867076627057839
495,80,3.239601930186325e-17
495,81,0.006441733443202624
495,120,0.9830118924133564
495,154,1.3930643534412137e-05
495,155,0.08201272223784088
495,156,0.021692201072323974
495,157,0.0001350747819003374
495,158,0.01789976129306326
495,159,0.017332753226868225
495,160,0.02655545611864231
495,161,0.22186982724988719
495,162,0.6308313183279751
495,163,0.1333158081325869
495,164,0.0001932345246372401
495,165,0.013388225015091244
495,166,0.006158503309193869
495,167,0.9130045383910038
495,169,1.3930643534412137e-05
495,170,0.0058717524881943765
495,172,0.000711576324076477
495,173,3.239601930186325e-17
495,174,3.239601930186325e-17
495,213,0.49865422212827964
495,214,0.40757275613726235
495,222,0.573585234250302
495,235,0.02947612907518334
495,237,0.09164812351474791
495,242,0.08940689320449681
495,243,0.00013049754839256788
495,244,0.0024706283889394933
495,245,0.15218807824749886
495,246,0.06248182209409266
496,40,4.0402401957960286e-17
496,41,0.007168792876661305
496,42,0.11266522902086712
496,43,8.557802492687813e-05
496,47,0.6853129846640437
496,48,0.003149567256273861
496,49,2.543771024464755e-06
496,50,0.7003504191353932
496,52,0.00728400287232216
496,53,7.892324351365683e-06
496,54,0.078212303170622
496,55,0.0007560771959422732
496,56,0.00029572015212204784
496,57,0.12178977089540247
496,67,0.031461854716974366
496,69,0.6844349760642253
496,70,0.06094417526415041
496,73,0.03953281597264596
496,74,0.06215013640901541
496,76,2.4673957595765547e-05
496,78,0.6157353249617318
496,79,0.9857662521017012
496,80,4.0402401957960286e-17
496,81,0.009267545025457059
496,120,0.9852960786063985
496,154,2.424544915340295e-05
496,155,0.06770393332989467
496,156,0.03184680961041186
496,157,0.00023657504900249183
496,158,0.027063364300722818
496,159,0.024699474373941745
496,160,0.03750362664281473
496,161,0.2870478505877353
496,162,0.6209916034002674
496,163,0.15843277862824567
496,164,0.0003801300075876981
496,165,0.019882791935075955
496,166,0.009562481103555908
496,167,0.9088259735044701
496,169,2.424544915340295e-05
496,170,0.0067788456965960295
496,172,0.0008897778761785498
496,173,4.0402401957960286e-17
496,174,4.0402401957960286e-17
496,213,0.49861550330643406
496,214,0.41582969351827137
496,222,0.5234883010271663
496,235,0.03992517907147761
496,237,0.08557359335133562
496,242,0.10520682312328253
496,243,0.00015400828516428915
496,244,0.0039612883149822645
496,245,0.15670726870925838
496,246,0.0503740422248711
497,40,4.840878461405731e-17
497,41,0.01020956282289734
497,42,0.1422642718797218
497,43,6.511676854138817e-05
497,47,0.6390911924127907
497,48,0.0037030549936563338
497,49,2.007737578986471e-06
497,50,0.6591544567959013
497,52,0.010109334323486778
497,53,1.0030567569337864e-05
497,54,0.09985621180172508
497,55,0.000805831066107271
497,56,0.00033807531610464633
497,57,0.1284374222372091
497,67,0.03936970756276438
497,69,0.670525646600167
497,70,0.06909570929908018
497,73,0.050721230455700816
497,74,0.06172890363645228
497,76,3.456025477239377e-05
497,78,0.601863644613901
497,79,0.9848248414976185
497,80,4.840878461405731e-17
497,81,0.012093356607711494
497,120,0.9875802647994405
497,154,3.456025477239377e-05
497,155,0.05339514442194846
497,156,0.04200141814849974
497,157,0.00033807531610464633
497,158,0.036226967308382374
497,159,0.032066195521015264
497,160,0.04845179716698715
497,161,0.3522258739255834
497,162,0.6111518884725597
497,163,0.18354974912390445
497,164,0.0005670254905381562
497,165,0.026377358855060668
497,166,0.012966458897917948
497,167,0.9046474086179364
497,169,3.456025477239377e-05
497,170,0.007685938904997682
497,172,0.0010679794282806225
497,173,4.840878461405731e-17
497,174,4.840878461405731e-17
497,213,0.4985767844845884
497,214,0.42408663089928045
497,222,0.47339136780403057
497,235,0.050374229067771885
497,237,0.07949906318792334
497,242,0.12100675304206823
497,243,0.0001775190219360104
497,244,0.005451948241025036
497,245,0.1612264591710179
497,246,0.038266262355649554
498,40,2.4581906256593934e-16
498,41,0.009662771548350838
498,42,0.14472880402536922
498,43,0.00014670276136778668
498,47,0.6239993022279303
498,48,0.00555295486356615
498,49,1.04898160148642e-05
498,50,0.6420049026708501
498,52,0.012071691119186531
498,53,0.00017888492369772083
498,54,0.1103808761680915
498,55,0.0027056549101556263
498,56,0.0007058164489970598
498,57,0.13443395994893587
498,67,0.042463306274849774
498,69,0.660173699669198
498,70,0.0771223250815454
498,73,0.052397857948522274
498,74,0.07133020290018763
498,76,5.175997831572936e-05
498,78,0.5895436979475854
498,79,0.9831494742906267
498,80,2.4581906256593934e-16
498,81,0.014024055905164335
498,120,0.9868071182043592
498,154,6.653409702807989e-05
498,155,0.06277585590195037
498,156,0.0498257835446371
498,157,0.0008130895863133938
498,158,0.03264085704950282
498,159,0.040022418630684314
498,160,0.06066778603860964
498,161,0.35318892424753323
498,162,0.6006917723430849
498,163,0.18637808587350557
498,164,0.0005194725601648501
498,165,0.027540034308041257
498,166,0.014431840203713278
498,167,0.8878261917015309
498,169,3.637795865003458e-05
498,170,0.009863834694898068
498,172,0.001069911312245249
498,173,2.4581906256593934e-16
498,174,2.4581906256593934e-16
498,213,0.5047429136744412
498,214,0.4059259759353276
498,222,0.49261493441402526
498,235,0.051360902050691694
498,237,0.08537866998963205
498,242,0.11928193101484838
498,243,0.00032143146133594905
498,244,0.00616539874845071
498,245,0.1579713979469927
498,246,0.04993329410172862
499,40,4.4322934051782134e-16
499,41,0.009115980273804334
499,42,0.14719333617101665
499,43,0.00022828875419418518
499,47,0.6089074120430699
499,48,0.007402854733475965
499,49,1.8971894450741926e-05
499,50,0.6248553485457989
499,52,0.014034047914886286
499,53,0.00034773927982610376
499,54,0.12090554053445791
499,55,0.004605478754203981
499,56,0.001073557581889473
499,57,0.14043049766066262
499,67,0.04555690498693517
499,69,0.649821752738229
499,70,0.08514894086401063
499,73,0.054074485441343724
499,74,0.08093150216392296
499,76,6.895970185906495e-05
499,78,0.5772237512812699
499,79,0.9814741070836349
499,80,4.4322934051782134e-16
499,81,0.015954755202617178
499,120,0.9860339716092779
499,154,9.8507939283766e-05
499,155,0.07215656738195227
499,156,0.05765014894077446
499,157,0.0012881038565221413
499,158,0.029054746790623264
499,159,0.047978641740353364
499,160,0.07288377491023212
499,161,0.354151974569483
499,162,0.59023165621361
499,163,0.18920642262310666
499,164,0.0004719196297915442
499,165,0.028702709761021843
499,166,0.01589722150950861
499,167,0.8710049747851254
499,169,3.819566252767539e-05
499,170,0.012041730484798455
499,172,0.0010718431962098757
499,173,4.4322934051782134e-16
499,174,4.4322934051782134e-16
499,213,0.5109090428642941
499,214,0.3877653209713747
499,222,0.51183850102402
499,235,0.05234757503361151
499,237,0.09125827679134076
499,242,0.11755710898762854
499,243,0.0004653439007358877
499,244,0.006878849255876384
499,245,0.15471633672296747
499,246,0.06160032584780769
500,40,6.406396184697034e-16
500,41,0.008569188999257831
500,42,0.1496578683166641
500,43,0.0003098747470205837
500,47,0.5938155218582095
500,48,0.00925275460338578
500,49,2.7453972886619654e-05
500,50,0.6077057944207478
500,52,0.01599640471058604
500,53,0.0005165936359544867
500,54,0.13143020490082435
500,55,0.006505302598252336
500,56,0.0014412987147818864
500,57,0.14642703537238938
500,67,0.04865050369902056
500,69,0.6394698058072599
500,70,0.09317555664647587
500,73,0.05575111293416518
500,74,0.09053280142765831
500,76,8.615942540240056e-05
500,78,0.5649038046149544
500,79,0.9797987398766432
500,80,6.406396184697034e-16
500,81,0.01788545450007002
500,120,0.9852608250141965
500,154,0.0001304817815394521
500,155,0.08153727886195417
500,156,0.06547451433691182
500,157,0.0017631181267308887
500,158,0.02546863653174371
500,159,0.05593486485002241
500,160,0.08509976378185462
500,161,0.35511502489143276
500,162,0.579771540084135
500,163,0.19203475937270778
500,164,0.0004243666994182382
500,165,0.029865385214002428
500,166,0.01736260281530394
500,167,0.8541837578687199
500,169,4.00133664053162e-05
500,170,0.014219626274698843
500,172,0.0010737750801745024
500,173,6.406396184697034e-16
500,174,6.406396184697034e-16
500,213,0.5170751720541469
500,214,0.3696046660074218
500,222,0.5310620676340148
500,235,0.05333424801653132
500,237,0.09713788359304945
500,242,0.11583228696040869
500,243,0.0006092563401358264
500,244,0.007592299763302057
500,245,0.15146127549894228
500,246,0.07326735759388675
501,40,8.380498964215854e-16
501,41,0.00802239772471133
501,42,0.15212240046231154
501,43,0.00039146073984698223
501,47,0.5787236316733492
501,48,0.011102654473295597
501,49,3.593605132249738e-05
501,50,0.5905562402956965
501,52,0.01795876150628579
501,53,0.0006854479920828697
501,54,0.14195486926719075
501,55,0.008405126442300691
501,56,0.0018090398476742998
501,57,0.15242357308411614
501,67,0.051744102411105955
501,69,0.6291178588762909
501,70,0.10120217242894108
501,73,0.05742774042698664
501,74,0.10013410069139364
501,76,0.00010335914894573615
501,78,0.5525838579486388
501,79,0.9781233726696514
501,80,8.380498964215854e-16
501,81,0.01981615379752286
501,120,0.9844876784191153
501,154,0.00016245562379513823
501,155,0.09091799034195608
501,156,0.07329887973304917
501,157,0.002238132396939636
501,158,0.021882526272864154
501,159,0.06389108795969145
501,160,0.09731575265347711
501,161,0.3560780752133826
501,162,0.5693114239546602
501,163,0.1948630961223089
501,164,0.00037681376904493227
501,165,0.031028060666983017
501,166,0.01882798412109927
501,167,0.8373625409523143
501,169,4.183107028295701e-05
501,170,0.01639752206459923
501,172,0.0010757069641391288
501,173,8.380498964215854e-16
501,174,8.380498964215854e-16
501,213,0.5232413012439996
501,214,0.35144401104346895
501,222,0.5502856342440094
501,235,0.05432092099945113
501,237,0.10301749039475816
501,242,0.11410746493318884
501,243,0.0007531687795357651
501,244,0.008305750270727733
501,245,0.14820621427491706
501,246,0.08493438933996583
502,40,1.0354601743734674e-15
502,41,0.0074756064501648265
502,42,0.15458693260795897
502,43,0.00047304673267338076
502,47,0.5636317414884887
502,48,0.012952554343205412
502,49,4.4418129758375107e-05
502,50,0.5734066861706453
502,52,0.019921118301985542
502,53,0.0008543023482112526
502,54,0.15247953363355718
502,55,0.010304950286349045
502,56,0.0021767809805667135
502,57,0.1584201107958429
502,67,0.05483770112319135
502,69,0.6187659119453219
502,70,0.1092287882114063
502,73,0.05910436791980809
502,74,0.10973539995512899
502,76,0.00012055887248907175
502,78,0.5402639112823233
502,79,0.9764480054626596
502,80,1.0354601743734674e-15
502,81,0.0217468530949757
502,120,0.983714531824034
502,154,0.00019442946605082435
502,155,0.10029870182195799
502,156,0.08112324512918653
502,157,0.002713146667148384
502,158,0.0182964160139846
502,159,0.07184731106936051
502,160,0.10953174152509959
502,161,0.3570411255353324
502,162,0.5588513078251853
502,163,0.19769143287191
502,164,0.00032926083867162623
502,165,0.032190736119963606
502,166,0.020293365426894597
502,167,0.8205413240359088
502,169,4.364877416059782e-05
502,170,0.018575417854499617
502,172,0.0010776388481037553
502,173,1.0354601743734674e-15
502,174,1.0354601743734674e-15
502,213,0.5294074304338524
502,214,0.3332833560795161
502,222,0.5695092008540041
502,235,0.055307593982370944
502,237,0.10889709719646687
502,242,0.112382642905969
502,243,0.0008970812189357038
502,244,0.009019200778153406
502,245,0.14495115305089185
502,246,0.09660142108604489
503,40,1.2328704523253493e-15
503,41,0.006928815175618323
503,42,0.1570514647536064
503,43,0.0005546327254997792
503,47,0.5485398513036284
503,48,0.014802454213115228
503,49,5.290020819425284e-05
503,50,0.5562571320455941
503,52,0.021883475097685297
503,53,0.0010231567043396358
503,54,0.1630041979999236
503,55,0.012204774130397401
503,56,0.0025445221134591267
503,57,0.16441664850756965
503,67,0.05793129983527674
503,69,0.6084139650143529
503,70,0.11725540399387153
503,73,0.060780995412629546
503,74,0.11933669921886433
503,76,0.00013775859603240735
503,78,0.5279439646160078
503,79,0.9747726382556678
503,80,1.2328704523253493e-15
503,81,0.023677552392428542
503,120,0.9829413852289527
503,154,0.00022640330830651044
503,155,0.10967941330195989
503,156,0.08894761052532389
503,157,0.003188160937357131
503,158,0.01471030575510505
503,159,0.07980353417902955
503,160,0.12174773039672208
503,161,0.35800417585728217
503,162,0.5483911916957104
503,163,0.2005197696215111
503,164,0.00028170790829832026
503,165,0.03335341157294419
503,166,0.02175874673268993
503,167,0.8037201071195034
503,169,4.5466478038238634e-05
503,170,0.020753313644400005
503,172,0.001079570732068382
503,173,1.2328704523253493e-15
503,174,1.2328704523253493e-15
503,213,0.5355735596237052
503,214,0.31512270111556323
503,222,0.5887327674639988
503,235,0.05629426696529075
503,237,0.11477670399817558
503,242,0.11065782087874915
503,243,0.0010409936583356423
503,244,0.00973265128557908
503,245,0.14169609182686663
503,246,0.10826845283212395
504,40,2.489542017834554e-07
504,41,0.007153303657147984
504,42,0.16071769147801426
504,43,0.0008487312997370332
504,47,0.5510028809393585
504,48,0.017199302219957243
504,49,8.844410443898862e-05
504,50,0.55837991684121
504,52,0.027117645138118755
504,53,0.0010803567041453375
504,54,0.1618952959116479
504,55,0.012037419541462896
504,56,0.0034246622523763552
504,57,0.16098666018735283
504,67,0.056685824111226274
504,69,0.5966963749061257
504,70,0.11497565095786909
504,73,0.060109560067877876
504,74,0.11419405729018907
504,76,0.00035640769232873123
504,78,0.5184361728952261
504,79,0.9742259133204869
504,80,2.489542017834554e-07
504,81,0.025550502702504384
504,120,0.9824459854525923
504,154,0.00024337530401098543
504,155,0.10981553117762645
504,156,0.08455526980007343
504,157,0.00357158337334227
504,158,0.01997356128662737
504,159,0.08946057241178475
504,160,0.1299599139796158
504,161,0.36144755276126483
504,162,0.5435240366046428
504,163,0.2035464908872524
504,164,0.000300497521572147
504,165,0.034838025738573274
504,166,0.02274691432114774
504,167,0.8143731106697547
504,169,9.259461212075893e-05
504,170,0.022266948710417213
504,172,0.002159519609674786
504,173,2.489542017834554e-07
504,174,2.489542017834554e-07
504,213,0.5531236178170553
504,214,0.32975014332565133
504,222,0.5972154106087235
504,235,0.0550730547018351
504,237,0.12149432356073323
504,242,0.10631468727122728
504,243,0.001270584558616709
504,244,0.009388768310649479
504,245,0.13915266384705155
504,246,0.10608946913596347
505,40,4.979084023340404e-07
505,41,0.007377792138677644
505,42,0.16438391820242212
505,43,0.0011428298739742872
505,47,0.5534659105750885
505,48,0.01959615022679926
505,49,0.0001239880006837244
505,50,0.5605027016368258
505,52,0.032351815178552214
505,53,0.0011375567039510395
505,54,0.1607863938233722
505,55,0.01187006495252839
505,56,0.004304802391293583
505,57,0.157556671867136
505,67,0.0554403483871758
505,69,0.5849787847978986
505,70,0.11269589792186664
505,73,0.05943812472312621
505,74,0.1090514153615138
505,76,0.0005750567886250551
505,78,0.5089283811744445
505,79,0.973679188385306
505,80,4.979084023340404e-07
505,81,0.027423453012580225
505,120,0.9819505856762318
505,154,0.0002603472997154604
505,155,0.10995164905329302
505,156,0.08016292907482295
505,157,0.003955005809327409
505,158,0.02523681681814969
505,159,0.09911761064453996
505,160,0.13817209756250948
505,161,0.3648909296652475
505,162,0.5386568815135752
505,163,0.2065732121529937
505,164,0.0003192871348459737
505,165,0.03632263990420236
505,166,0.023735081909605556
505,167,0.825026114220006
505,169,0.00013972274620327924
505,170,0.023780583776434418
505,172,0.00323946848728119
505,173,4.979084023340404e-07
505,174,4.979084023340404e-07
505,213,0.5706736760104053
505,214,0.34437758553573944
505,222,0.6056980537534481
505,235,0.05385184243837945
505,237,0.12821194312329087
505,242,0.10197155366370542
505,243,0.0015001754588977758
505,244,0.009044885335719878
505,245,0.13660923586723647
505,246,0.10391048543980297
506,40,7.468626028846254e-07
506,41,0.007602280620207305
506,42,0.16805014492682996
506,43,0.0014369284482115413
506,47,0.5559289402108187
506,48,0.021992998233641276
506,49,0.00015953189692846016
506,50,0.5626254864324417
506,52,0.037585985218985665
506,53,0.0011947567037567412
506,54,0.1596774917350965
506,55,0.011702710363593886
506,56,0.005184942530210812
506,57,0.15412668354691922
506,67,0.054194872663125324
506,69,0.5732611946896714
506,70,0.11041614488586418
506,73,0.05876668937837454
506,74,0.10390877343283854
506,76,0.0007937058849213789
506,78,0.4994205894536628
506,79,0.973132463450125
506,80,7.468626028846254e-07
506,81,0.029296403322656067
506,120,0.9814551858998715
506,154,0.0002773192954199354
506,155,0.11008776692895958
506,156,0.07577058834957248
506,157,0.004338428245312548
506,158,0.03050007234967201
506,159,0.10877464887729515
506,160,0.14638428114540317
506,161,0.36833430656923016
506,162,0.5337897264225075
506,163,0.209599933418735
506,164,0.00033807674811980046
506,165,0.037807254069831445
506,166,0.024723249498063368
506,167,0.8356791177702574
506,169,0.0001868508802857995
506,170,0.025294218842451626
506,172,0.004319417364887594
506,173,7.468626028846254e-07
506,174,7.468626028846254e-07
506,213,0.5882237342037554
506,214,0.35900502774582754
506,222,0.6141806968981727
506,235,0.052630630174923795
506,237,0.13492956268584855
506,242,0.09762842005618355
506,243,0.0017297663591788423
506,244,0.008701002360790275
506,245,0.1340658078874214
506,246,0.10173150174364248
507,40,9.958168034352103e-07
507,41,0.007826769101736965
507,42,0.17171637165123782
507,43,0.0017310270224487952
507,47,0.5583919698465488
507,48,0.024389846240483293
507,49,0.00019507579317319594
507,50,0.5647482712280576
507,52,0.042820155259419124
507,53,0.001251956703562443
507,54,0.15856858964682077
507,55,0.01153535577465938
507,56,0.006065082669128041
507,57,0.1506966952267024
507,67,0.052949396939074855
507,69,0.5615436045814443
507,70,0.10813639184986173
507,73,0.05809525403362286
507,74,0.09876613150416327
507,76,0.0010123549812177028
507,78,0.48991279773288116
507,79,0.972585738514944
507,80,9.958168034352103e-07
507,81,0.031169353632731905
507,120,0.9809597861235111
507,154,0.0002942912911244104
507,155,0.11022388480462614
507,156,0.07137824762432202
507,157,0.004721850681297686
507,158,0.03576332788119433
507,159,0.11843168711005037
507,160,0.15459646472829686
507,161,0.3717776834732129
507,162,0.5289225713314399
507,163,0.2126266546844763
507,164,0.0003568663613936272
507,165,0.03929186823546053
507,166,0.02571141708652118
507,167,0.8463321213205086
507,169,0.0002339790143683198
507,170,0.026807853908468834
507,172,0.005399366242493998
507,173,9.958168034352103e-07
507,174,9.958168034352103e-07
507,213,0.6057737923971055
507,214,0.3736324699559156
507,222,0.6226633400428974
507,235,0.05140941791146815
507,237,0.1416471822484062
507,242,0.09328528644866169
507,243,0.001959357259459909
507,244,0.008357119385860675
507,245,0.1315223799076063
507,246,0.099552518047482
508,40,1.2447710039857952e-06
508,41,0.008051257583266627
508,42,0.17538259837564568
508,43,0.0020251255966860495
508,47,0.5608549994822789
508,48,0.026786694247325306
508,49,0.00023061968941793173
508,50,0.5668710560236734
508,52,0.04805432529985258
508,53,0.0013091567033681449
508,54,0.1574596875585451
508,55,0.011368001185724876
508,56,0.006945222808045269
508,57,0.14726670690648558
508,67,0.05170392121502439
508,69,0.5498260144732171
508,70,0.10585663881385929
508,73,0.05742381868887119
508,74,0.09362348957548801
508,76,0.0012310040775140268
508,78,0.48040500601209946
508,79,0.9720390135797631
508,80,1.2447710039857952e-06
508,81,0.033042303942807744
508,120,0.9804643863471506
508,154,0.0003112632868288854
508,155,0.11036000268029271
508,156,0.06698590689907155
508,157,0.005105273117282825
508,158,0.04102658341271665
508,159,0.12808872534280558
508,160,0.16280864831119055
508,161,0.37522106037719555
508,162,0.5240554162403723
508,163,0.2156533759502176
508,164,0.00037565597466745397
508,165,0.040776482401089616
508,166,0.026699584674978995
508,167,0.85698512487076
508,169,0.0002811071484508401
508,170,0.02832148897448604
508,172,0.006479315120100402
508,173,1.2447710039857952e-06
508,174,1.2447710039857952e-06
508,213,0.6233238505904555
508,214,0.3882599121660037
508,222,0.631145983187622
508,235,0.0501882056480125
508,237,0.14836480181096384
508,242,0.08894215284113982
508,243,0.0021889481597409757
508,244,0.008013236410931074
508,245,0.1289789519277912
508,246,0.0973735343513215
509,40,1.4937252045363802e-06
509,41,0.008275746064796287
509,42,0.17904882510005354
509,43,0.0023192241709233032
509,47,0.563318029118009
509,48,0.029183542254167322
509,49,0.0002661635856626675
509,50,0.5689938408192893
509,52,0.05328849534028604
509,53,0.0013663567031738466
509,54,0.15635078547026937
509,55,0.01120064659679037
509,56,0.007825362946962497
509,57,0.14383671858626876
509,67,0.05045844549097391
509,69,0.53810842436499
509,70,0.10357688577785684
509,73,0.05675238334411952
509,74,0.08848084764681274
509,76,0.0014496531738103506
509,78,0.4708972142913178
509,79,0.9714922886445821
509,80,1.4937252045363802e-06
509,81,0.03491525425288359
509,120,0.9799689865707902
509,154,0.0003282352825333604
509,155,0.11049612055595927
509,156,0.06259356617382107
509,157,0.0054886955532679645
509,158,0.04628983894423897
509,159,0.13774576357556076
509,160,0.17102083189408424
509,161,0.3786644372811782
509,162,0.5191882611493047
509,163,0.2186800972159589
509,164,0.00039444558794128067
509,165,0.0422610965667187
509,166,0.027687752263436807
509,167,0.8676381284210113
509,169,0.0003282352825333604
509,170,0.029835124040503248
509,172,0.007559263997706806
509,173,1.4937252045363802e-06
509,174,1.4937252045363802e-06
509,213,0.6408739087838056
509,214,0.4028873543760918
509,222,0.6396286263323466
509,235,0.048966993384556845
509,237,0.1550824213735215
509,242,0.08459901923361796
509,243,0.0024185390600220424
509,244,0.007669353436001473
509,245,0.12643552394797614
509,246,0.09519455065516101
510,40,1.3487743806415272e-06
510,41,0.011778932480419875
510,42,0.1711791113845894
510,43,0.0021660740214764795
510,47,0.5490556495114136
510,48,0.02776944708460941
510,49,0.0002403781855271028
510,50,0.5503807687941338
510,52,0.05481696484614634
510,53,0.0012773624261261409
510,54,0.14922228477660754
510,55,0.012526063853202454
510,56,0.007809728120502603
510,57,0.13717393782434062
510,67,0.05094021489403489
510,69,0.5241288863311983
510,70,0.10534974913111823
510,73,0.052895169660417816
510,74,0.08253410498705058
510,76,0.0037164366813264627
510,78,0.4850509667906873
510,79,0.9742344780321134
510,80,1.3487743806415272e-06
510,81,0.039477911534004845
510,120,0.9814950012687513
510,154,0.0004908164446382464
510,155,0.10174498169411786
510,156,0.059445876938020295
510,157,0.005266326616503172
510,158,0.06513057055479379
510,159,0.1390786507115307
510,160,0.1668479786811253
510,161,0.3876801342734927
510,162,0.527383611668834
510,163,0.21684439671637395
510,164,0.0007116004651183183
510,165,0.04307609818233533
510,166,0.029390394142374363
510,167,0.870445732034336
510,169,0.0011317385843993971
510,170,0.03031481486864402
510,172,0.006943300373862374
510,173,1.3487743806415272e-06
510,174,1.3487743806415272e-06
510,213,0.6593333844800585
510,214,0.3941510856933077
510,222,0.6484430248134692
510,235,0.046184035997012415
510,237,0.1555009870670246
510,242,0.08854793676328329
510,243,0.0027352781441136874
510,244,0.007762132611782293
510,245,0.12959334400158026
510,246,0.09705934918485186
511,40,1.2038235567466743e-06
511,41,0.015282118896043462
511,42,0.1633093976691253
511,43,0.0020129238720296553
511,47,0.5347932699048182
511,48,0.026355351915051495
511,49,0.0002145927853915381
511,50,0.5317676967689784
511,52,0.056345434352006646
511,53,0.0011883681490784353
511,54,0.1420937840829457
511,55,0.013851481109614537
511,56,0.00779409329404271
511,57,0.13051115706241245
511,67,0.051421984297095866
511,69,0.5101493482974065
511,70,0.10712261248437963
511,73,0.049037955976716105
511,74,0.07658736232728841
511,76,0.005983220188842574
511,78,0.4992047192900568
511,79,0.9769766674196446
511,80,1.2038235567466743e-06
511,81,0.0440405688151261
511,120,0.9830210159667125
511,154,0.0006533976067431325
511,155,0.09299384283227645
511,156,0.05629818770221952
511,157,0.00504395767973838
511,158,0.0839713021653486
511,159,0.14041153784750063
511,160,0.1626751254681664
511,161,0.3966958312658072
511,162,0.5355789621883632
511,163,0.215008696216789
511,164,0.0010287553422953558
511,165,0.04389109979795196
511,166,0.03109303602131192
511,167,0.8732533356476605
511,169,0.0019352418862654337
511,170,0.03079450569678479
511,172,0.006327336750017941
511,173,1.2038235567466743e-06
511,174,1.2038235567466743e-06
511,213,0.6777928601763116
511,214,0.3854148170105236
511,222,0.6572574232945916
511,235,0.043401078609467986
511,237,0.15591955276052766
511,242,0.09249685429294863
511,243,0.0030520172282053324
511,244,0.007854911787563113
511,245,0.13275116405518442
511,246,0.0989241477145427
512,40,1.0588727328518216e-06
512,41,0.01878530531166705
512,42,0.1554396839536612
512,43,0.0018597737225828316
512,47,0.5205308902982229
512,48,0.024941256745493585
512,49,0.0001888073852559734
512,50,0.5131546247438229
512,52,0.05787390385786695
512,53,0.0010993738720307296
512,54,0.13496528338928385
512,55,0.01517689836602662
512,56,0.0077784584675828165
512,57,0.12384837630048431
512,67,0.051903753700156846
512,69,0.4961698102636149
512,70,0.10889547583764102
512,73,0.0451807422930144
512,74,0.07064061966752626
512,76,0.008250003696358687
512,78,0.5133584717894263
512,79,0.9797188568071759
512,80,1.0588727328518216e-06
512,81,0.04860322609624736
512,120,0.9845470306646736
512,154,0.0008159787688480185
512,155,0.08424270397043504
512,156,0.05315049846641874
512,157,0.004821588742973587
512,158,0.10281203377590342
512,159,0.14174442498347056
512,160,0.15850227225520747
512,161,0.40571152825812173
512,162,0.5437743127078924
512,163,0.21317299571720405
512,164,0.0013459102194723935
512,165,0.04470610141356859
512,166,0.032795677900249474
512,167,0.876060939260985
512,169,0.0027387451881314704
512,170,0.03127419652492556
512,172,0.00571137312617351
512,173,1.0588727328518216e-06
512,174,1.0588727328518216e-06
512,213,0.6962523358725645
512,214,0.3766785483277395
512,222,0.666071821775714
512,235,0.040618121221923556
512,237,0.15633811845403076
512,242,0.09644577182261396
512,243,0.003368756312296978
512,244,0.007947690963343933
512,245,0.13590898410878854
512,246,0.10078894624423357
513,40,9.139219089569685e-07
513,41,0.022288491727290638
513,42,0.14756997023819707
513,43,0.0017066235731360074
513,47,0.5062685106916276
513,48,0.023527161575935672
513,49,0.0001630219851204087
513,50,0.49454155271866745
513,52,0.05940237336372725
513,53,0.0010103795949830238
513,54,0.12783678269562201
513,55,0.016502315622438705
513,56,0.007762823641122922
513,57,0.11718559553855618
513,67,0.052385523103217826
513,69,0.4821902722298232
513,70,0.11066833919090241
513,73,0.041323528609312696
513,74,0.06469387700776409
513,76,0.010516787203874799
513,78,0.5275122242887957
513,79,0.9824610461947071
513,80,9.139219089569685e-07
513,81,0.053165883377368606
513,120,0.9860730453626347
513,154,0.0009785599309529045
513,155,0.07549156510859364
513,156,0.05000280923061797
513,157,0.004599219806208795
513,158,0.12165276538645822
513,159,0.1430773121194405
513,160,0.15432941904224853
513,161,0.4147272252504362
513,162,0.5519696632274218
513,163,0.21133729521761907
513,164,0.0016630650966494311
513,165,0.04552110302918522
513,166,0.03449831977918703
513,167,0.8788685428743097
513,169,0.003542248489997507
513,170,0.031753887353066335
513,172,0.005095409502329076
513,173,9.139219089569685e-07
513,174,9.139219089569685e-07
513,213,0.7147118115688175
513,214,0.36794227964495535
513,222,0.6748862202568365
513,235,0.037835163834379126
513,237,0.15675668414753385
513,242,0.1003946893522793
513,243,0.003685495396388623
513,244,0.008040470139124754
513,245,0.13906680416239267
513,246,0.10265374477392442
514,40,7.689710850621156e-07
514,41,0.025791678142914228
514,42,0.13970025652273294
514,43,0.0015534734236891837
514,47,0.4920061310850322
514,48,0.02211306640637776
514,49,0.000137236584984844
514,50,0.475928480693512
514,52,0.060930842869587554
514,53,0.0009213853179353181
514,54,0.12070828200196018
514,55,0.017827732878850786
514,56,0.007747188814663028
514,57,0.11052281477662804
514,67,0.0528672925062788
514,69,0.46821073419603154
514,70,0.1124412025441638
514,73,0.03746631492561099
514,74,0.058747134348001925
514,76,0.01278357071139091
514,78,0.5416659767881653
514,79,0.9852032355822383
514,80,7.689710850621156e-07
514,81,0.05772854065848987
514,120,0.987599060060596
514,154,0.0011411410930577907
514,155,0.06674042624675222
514,156,0.046855119994817195
514,157,0.004376850869444003
514,158,0.14049349699701305
514,159,0.14441019925541043
514,160,0.15015656582928963
514,161,0.4237429222427507
514,162,0.560165013746951
514,163,0.20950159471803412
514,164,0.0019802199738264688
514,165,0.04633610464480185
514,166,0.036200961658124586
514,167,0.8816761464876344
514,169,0.004345751791863543
514,170,0.032233578181207104
514,172,0.004479445878484645
514,173,7.689710850621156e-07
514,174,7.689710850621156e-07
514,213,0.7331712872650705
514,214,0.35920601096217125
514,222,0.6837006187379591
514,235,0.0350522064468347
514,237,0.15717524984103692
514,242,0.10434360688194463
514,243,0.004002234480480268
514,244,0.008133249314905574
514,245,0.14222462421599683
514,246,0.10451854330361526
515,40,6.240202611672626e-07
515,41,0.029294864558537814
515,42,0.13183054280726883
515,43,0.0014003232742423597
515,47,0.47774375147843684
515,48,0.020698971236819845
515,49,0.00011145118484927933
515,50,0.45731540866835657
515,52,0.062459312375447856
515,53,0.0008323910408876124
515,54,0.11357978130829834
515,55,0.01915315013526287
515,56,0.007731553988203135
515,57,0.10386003401469988
515,67,0.05334906190933978
515,69,0.45423119616223984
515,70,0.1142140658974252
515,73,0.03360910124190928
515,74,0.052800391688239766
515,76,0.015050354218907023
515,78,0.5558197292875348
515,79,0.9879454249697696
515,80,6.240202611672626e-07
515,81,0.06229119793961112
515,120,0.989125074758557
515,154,0.0013037222551626766
515,155,0.05798928738491082
515,156,0.04370743075901642
515,157,0.004154481932679211
515,158,0.15933422860756785
515,159,0.14574308639138037
515,160,0.1459837126163307
515,161,0.4327586192350652
515,162,0.5683603642664803
515,163,0.20766589421844917
515,164,0.0022973748510035064
515,165,0.04715110626041848
515,166,0.03790360353706214
515,167,0.8844837501009589
515,169,0.00514925509372958
515,170,0.03271326900934787
515,172,0.0038634822546402122
515,173,6.240202611672626e-07
515,174,6.240202611672626e-07
515,213,0.7516307629613235
515,214,0.35046974227938715
515,222,0.6925150172190815
515,235,0.03226924905929027
515,237,0.15759381553454002
515,242,0.10829252441160997
515,243,0.004318973564571913
515,244,0.008226028490686394
515,245,0.14538244426960095
515,246,0.10638334183330611
516,40,5.200168843317069e-07
516,41,0.03557261974099961
516,42,0.1364892244721616
516,43,0.0015079956166220308
516,47,0.47462892589027383
516,48,0.02305169937023389
516,49,0.00012130302948728204
516,50,0.44724658061571365
516,52,0.06601173043515682
516,53,0.0008917872670509293
516,54,0.10812911948655649
516,55,0.019766037764253164
516,56,0.007773253840178346
516,57,0.11090238080545357
516,67,0.05480609100129621
516,69,0.45309417403949925
516,70,0.10768271190184892
516,73,0.03679972646211582
516,74,0.05466458335638656
516,76,0.014927764288179445
516,78,0.5539077865136854
516,79,0.9864288931434821
516,80,5.200168843317069e-07
516,81,0.0704290560850617
516,120,0.9899487139118006
516,154,0.0013449562929748222
516,155,0.06062830087987646
516,156,0.04428108648875982
516,157,0.004651916968221725
516,158,0.1562516484329034
516,159,0.1408933907578107
516,160,0.14270830689169706
516,161,0.43355943450229867
516,162,0.5782014186935769
516,163,0.2090292911751269
516,164,0.002273101573628288
516,165,0.045673141742836876
516,166,0.03971225904527127
516,167,0.8753640086483936
516,169,0.005148133274415947
516,170,0.033653180019751414
516,172,0.004939486639879696
516,173,5.200168843317069e-07
516,174,5.200168843317069e-07
516,213,0.7540278200752847
516,214,0.3736092681943712
516,222,0.6991914182036452
516,235,0.03327159407523004
516,237,0.1544866097915181
516,242,0.11846888549676614
516,243,0.005477057108334212
516,244,0.008894244607995554
516,245,0.14195728269927357
516,246,0.10538241918711741
517,40,4.1601350749615113e-07
517,41,0.04185037492346141
517,42,0.14114790613705436
517,43,0.001615667959001702
517,47,0.47151410030211083
517,48,0.025404427503647933
517,49,0.00013115487412528474
517,50,0.43717775256307073
517,52,0.06956414849486578
517,53,0.0009511834932142461
517,54,0.10267845766481465
517,55,0.020378925393243458
517,56,0.007814953692153556
517,57,0.11794472759620726
517,67,0.056263120093252635
517,69,0.45195715191675867
517,70,0.10115135790627264
517,73,0.03999035168232236
517,74,0.05652877502453336
517,76,0.01480517435745187
517,78,0.5519958437398361
517,79,0.9849123613171947
517,80,4.1601350749615113e-07
517,81,0.07856691423051228
517,120,0.9907723530650442
517,154,0.0013861903307869677
517,155,0.0632673143748421
517,156,0.044854742218503225
517,157,0.005149352003764239
517,158,0.15316906825823895
517,159,0.13604369512424108
517,160,0.13943290116706342
517,161,0.4343602497695322
517,162,0.5880424731206735
517,163,0.21039268813180462
517,164,0.0022488282962530694
517,165,0.04419517722525528
517,166,0.0415209145534804
517,167,0.8662442671958283
517,169,0.005147011455102313
517,170,0.03459309103015496
517,172,0.006015491025119179
517,173,4.1601350749615113e-07
517,174,4.1601350749615113e-07
517,213,0.7564248771892458
517,214,0.3967487941093552
517,222,0.7058678191882088
517,235,0.03427393909116981
517,237,0.15137940404849617
517,242,0.1286452465819223
517,243,0.00663514065209651
517,244,0.009562460725304716
517,245,0.13853212112894622
517,246,0.1043814965409287
518,40,3.120101306605954e-07
518,41,0.048128130105923206
518,42,0.14580658780194714
518,43,0.0017233403013813733
518,47,0.4683992747139478
518,48,0.027757155637061978
518,49,0.00014100671876328744
518,50,0.4271089245104278
518,52,0.07311656655457474
518,53,0.001010579719377563
518,54,0.09722779584307281
518,55,0.02099181302223375
518,56,0.007856653544128766
518,57,0.12498707438696094
518,67,0.05772014918520906
518,69,0.4508201297940181
518,70,0.09462000391069636
518,73,0.043180976902528895
518,74,0.058392966692680154
518,76,0.014682584426724292
518,78,0.5500839009659868
518,79,0.9833958294909073
518,80,3.120101306605954e-07
518,81,0.08670477237596286
518,120,0.9915959922182878
518,154,0.0014274243685991135
518,155,0.06590632786980775
518,156,0.04542839794824663
518,157,0.005646787039306754
518,158,0.1500864880835745
518,159,0.13119399949067145
518,160,0.13615749544242978
518,161,0.43516106503676566
518,162,0.5978835275477701
518,163,0.21175608508848232
518,164,0.002224555018877851
518,165,0.04271721270767369
518,166,0.04332957006168953
518,167,0.8571245257432629
518,169,0.005145889635788679
518,170,0.03553300204055851
518,172,0.007091495410358662
518,173,3.120101306605954e-07
518,174,3.120101306605954e-07
518,213,0.758821934303207
518,214,0.4198883200243393
518,222,0.7125442201727725
518,235,0.035276284107109576
518,237,0.14827219830547425
518,242,0.1388216076670785
518,243,0.007793224195858809
518,244,0.010230676842613876
518,245,0.13510695955861884
518,246,0.10338057389473998
519,40,2.0800675382503963e-07
519,41,0.054405885288385
519,42,0.1504652694668399
519,43,0.0018310126437610444
519,47,0.46528444912578487
519,48,0.03010988377047602
519,49,0.00015085856340129016
519,50,0.41704009645778484
519,52,0.07666898461428372
519,53,0.0010699759455408799
519,54,0.09177713402133096
519,55,0.021604700651224044
519,56,0.007898353396103976
519,57,0.13202942117771463
519,67,0.05917717827716549
519,69,0.44968310767127756
519,70,0.0880886499151201
519,73,0.04637160212273544
519,74,0.06025715836082696
519,76,0.014559994495996714
519,78,0.5481719581921375
519,79,0.98187929766462
519,80,2.0800675382503963e-07
519,81,0.09484263052141344
519,120,0.9924196313715312
519,154,0.001468658406411259
519,155,0.06854534136477339
519,156,0.046002053677990026
519,157,0.006144222074849269
519,158,0.14700390790891008
519,159,0.1263443038571018
519,160,0.13288208971779614
519,161,0.4359618803039991
519,162,0.6077245819748666
519,163,0.21311948204516004
519,164,0.002200281741502633
519,165,0.04123924819009209
519,166,0.04513822556989867
519,167,0.8480047842906975
519,169,0.005144767816475046
519,170,0.03647291305096205
519,172,0.008167499795598145
519,173,2.0800675382503963e-07
519,174,2.0800675382503963e-07
519,213,0.7612189914171682
519,214,0.4430278459393233
519,222,0.7192206211573361
519,235,0.03627862912304935
519,237,0.14516499256245233
519,242,0.14899796875223467
519,243,0.008951307739621108
519,244,0.010898892959923035
519,245,0.1316817979882915
519,246,0.10237965124855128
520,40,1.0400337698948382e-07
520,41,0.06068364047084679
520,42,0.15512395113173266
520,43,0.0019386849861407155
520,47,0.46216962353762187
520,48,0.03246261190389006
520,49,0.00016071040803929286
520,50,0.4069712684051419
520,52,0.08022140267399268
520,53,0.0011293721717041967
520,54,0.08632647219958911
520,55,0.022217588280214338
520,56,0.007940053248079188
520,57,0.13907176796846832
520,67,0.060634207369121916
520,69,0.448546085548537
520,70,0.08155729591954382
520,73,0.04956222734294198
520,74,0.06212135002897375
520,76,0.014437404565269138
520,78,0.5462600154182882
520,79,0.9803627658383326
520,80,1.0400337698948382e-07
520,81,0.10298048866686402
520,120,0.9932432705247748
520,154,0.0015098924442234047
520,155,0.07118435485973904
520,156,0.04657570940773343
520,157,0.006641657110391783
520,158,0.14392132773424562
520,159,0.12149460822353216
520,160,0.1296066839931625
520,161,0.43676269557123265
520,162,0.6175656364019632
520,163,0.21448287900183777
520,164,0.002176008464127414
520,165,0.039761283672510486
520,166,0.046946881078107794
520,167,0.8388850428381321
520,169,0.005143645997161413
520,170,0.03741282406136559
520,172,0.00924350418083763
520,173,1.0400337698948382e-07
520,174,1.0400337698948382e-07
520,213,0.7636160485311293
520,214,0.46616737185430734
520,222,0.7258970221418998
520,235,0.03728097413898912
520,237,0.1420577868194304
520,242,0.15917432983739083
520,243,0.010109391283383406
520,244,0.011567109077232195
520,245,0.12825663641796411
520,246,0.10137872860236258
521,40,1.5392807146107437e-16
521,41,0.0669613956533086
521,42,0.15978263279662544
521,43,0.0020463573285203866
521,47,0.45905479794945886
521,48,0.03481534003730411
521,49,0.00017056225267729556
521,50,0.396902440352499
521,52,0.08377382073370164
521,53,0.0011887683978675134
521,54,0.08087581037784727
521,55,0.02283047590920463
521,56,0.007981753100054398
521,57,0.146114114759222
521,67,0.06209123646107834
521,69,0.4474090634257964
521,70,0.07502594192396754
521,73,0.05275285256314852
521,74,0.06398554169712055
521,76,0.01431481463454156
521,78,0.5443480726444389
521,79,0.9788462340120452
521,80,1.5392807146107437e-16
521,81,0.1111183468123146
521,120,0.9940669096780184
521,154,0.0015511264820355503
521,155,0.07382336835470468
521,156,0.047149365137476834
521,157,0.007139092145934297
521,158,0.14083874755958117
521,159,0.11664491258996251
521,160,0.12633127826852886
521,161,0.4375635108384661
521,162,0.6274066908290598
521,163,0.2158462759585155
521,164,0.002151735186752196
521,165,0.03828331915492889
521,166,0.04875553658631693
521,167,0.8297653013855668
521,169,0.00514252417784778
521,170,0.03835273507176914
521,172,0.010319508566077112
521,173,1.5392807146107437e-16
521,174,1.5392807146107437e-16
521,213,0.7660131056450905
521,214,0.48930689776929137
521,222,0.7325734231264635
521,235,0.03828331915492889
521,237,0.13895058107640848
521,242,0.169350690922547
521,243,0.011267474827145706
521,244,0.012235325194541357
521,245,0.12483147484763675
521,246,0.10037780595617386
522,40,2.3884664538813814e-16
522,41,0.06361398787754999
522,42,0.15813298374296703
522,43,0.002327257368486135
522,47,0.41087513287088084
522,48,0.030767410086662717
522,49,0.00022508645076811876
522,50,0.38908628721787275
522,52,0.07703910675383482
522,53,0.001188536463543057
522,54,0.08158075683711105
522,55,0.022603493934204397
522,56,0.008964488689222474
522,57,0.14782405349474037
522,67,0.06208283082717671
522,69,0.497993525346096
522,70,0.08651730848929834
522,73,0.053838442635423533
522,74,0.057815243007615064
522,76,0.01738688654554975
522,78,0.5466186154178463
522,79,0.9823864018424531
522,80,2.3884664538813814e-16
522,81,0.1083843310091882
522,120,0.9939189717514723
522,154,0.00205761156839949
522,155,0.06689074005232817
522,156,0.057346179970831274
522,157,0.00770803493924005
522,158,0.13713194726753508
522,159,0.1237339901680228
522,160,0.11353475853116651
522,161,0.46800168848006146
522,162,0.6476935071040895
522,163,0.19929098925799338
522,164,0.0023341797143993223
522,165,0.045918736800524156
522,166,0.05059622853683811
522,167,0.8190024685561111
522,169,0.00678487109966525
522,170,0.03872895357420186
522,172,0.01118102408194009
522,173,2.3884664538813814e-16
522,174,2.3884664538813814e-16
522,213,0.7599779397094515
522,214,0.5046824482303058
522,222,0.7346474533025245
522,235,0.039402285020561964
522,237,0.14485290022186767
522,242,0.2055748018544143
522,243,0.009350674425079628
522,244,0.010734325389431091
522,245,0.11116267398452652
522,246,0.10169240132284585
523,40,3.237652193152019e-16
523,41,0.06026658010179138
523,42,0.15648333468930858
523,43,0.0026081574084518837
523,47,0.3626954677923029
523,48,0.026719480136021323
523,49,0.00027961064885894196
523,50,0.38127013408324656
523,52,0.07030439277396801
523,53,0.0011883045292186006
523,54,0.08228570329637482
523,55,0.02237651195920416
523,56,0.009947224278390548
523,57,0.1495339922302587
523,67,0.062074425193275065
523,69,0.5485779872663955
523,70,0.09800867505462914
523,73,0.05492403270769856
523,74,0.05164494431810957
523,76,0.02045895845655794
523,78,0.5488891581912538
523,79,0.9859265696728611
523,80,3.237652193152019e-16
523,81,0.10565031520606183
523,120,0.993771033824926
523,154,0.0025640966547634298
523,155,0.05995811174995166
523,156,0.06754299480418571
523,157,0.008276977732545803
523,158,0.13342514697548896
523,159,0.1308230677460831
523,160,0.10073823879380418
523,161,0.4984398661216568
523,162,0.6679803233791191
523,163,0.1827357025574713
523,164,0.0025166242420464483
523,165,0.05355415444611942
523,166,0.05243692048735928
523,167,0.8082396357266555
523,169,0.00842721802148272
523,170,0.03910517207663459
523,172,0.012042539597803067
523,173,3.237652193152019e-16
523,174,3.237652193152019e-16
523,213,0.7539427737738125
523,214,0.5200579986913202
523,222,0.7367214834785855
523,235,0.040521250886195036
523,237,0.15075521936732686
523,242,0.24179891278628154
523,243,0.007433874023013549
523,244,0.009233325584320823
523,245,0.09749387312141629
523,246,0.10300699668951782
